0	-0.00142442	0.6;	-0.4;	1	0	0.9	5	0.2	0.5	0.2	0.2	0.5	1	1	100	0	4.98863
1	-0.00599502	0.6;	-0.4;	1	0.534005	0.6	5	0.2	0.5	0.2	0.4	0	1	1	100	0	4.98863
2	0.00372128	0.6;	-0.4;	1	0.577323	0.319396	5	0.2	0.5	0.093199	0.493199	-0.267002	0.465995	1	100	0	4.98863
3	-0.00803947	0.6;	-0.4;	1	0.414527	0.640611	5	0.2	0.5	0.0845353	0.577734	-0.0216591	0.422677	1	100	0	4.98863
4	0.00348096	0.6;	-0.4;	1	0.553658	0.893322	5	0.2	0.5	0.117095	0.694829	0.0813981	0.585473	1	100	0	4.98863
5	-0.00463435	0.6;	-0.4;	1	0.752822	0.8038	5	0.2	0.5	0.0892684	0.784097	-0.0695655	0.446342	1	100	0	4.98863
6	7.82454e-05	0.6;	-0.4;	1	0.783487	0.783387	5	0.2	0.5	0.0494356	0.833533	-0.0995818	0.247178	1	100	0	4.98863
7	0.000323746	0.6;	-0.4;	1	0.783751	0.904805	5	0.2	0.5	0.0433026	0.876836	-0.0153326	0.216513	1	100	0	4.98863
8	-0.00608183	0.6;	-0.4;	1	0.850302	0.963204	5	0.2	0.5	0.0432499	0.920085	-0.000131761	0.216249	1	100	0	4.98863
9	-0.00149428	0.6;	-0.4;	1	0.916548	0.946689	5	0.2	0.5	0.0299397	0.950025	-0.0332755	0.149698	1	100	0	4.98863
10	0.0046869	0.6;	-0.4;	1	0.93932	0.950282	5	0.2	0.5	0.0166903	0.966715	-0.0331234	0.0834515	1	100	0	4.98863
11	-0.00741242	0.6;	-0.4;	1	0.938485	0.979602	5	0.2	0.5	0.012136	0.978851	-0.0113856	0.0606802	1	100	0	4.98863
12	-0.00659602	0.6;	-0.4;	1	0.956559	1.00387	5	0.2	0.5	0.012303	0.991154	0.000417477	0.0615152	1	100	0	4.98863
13	-0.000426749	0.6;	-0.4;	1	0.984522	0.999494	5	0.2	0.5	0.0086882	0.999843	-0.00903707	0.043441	1	100	0	4.98863
14	0.00842211	0.6;	-0.4;	1	1.00193	0.992052	5	0.2	0.5	0.00309564	1.00294	-0.0139814	0.0154782	1	100	0	4.98863
15	-0.00185556	0.6;	-0.4;	1	0.994147	0.993465	5	0.2	0.5	-0.000385416	1.00255	-0.00870264	-0.00192708	1	100	0	4.98863
16	0.00294694	0.6;	-0.4;	1	0.996685	1.00878	5	0.2	0.5	0.00117065	1.00372	0.00389016	0.00585323	1	100	0	4.98863
17	0.00567948	0.6;	-0.4;	1	1.00962	1.00378	5	0.2	0.5	0.000663097	1.00439	-0.00126887	0.00331548	1	100	0	4.98863
18	-0.00872551	0.6;	-0.4;	1	0.997393	0.994067	5	0.2	0.5	-0.00192477	1.00246	-0.00646967	-0.00962386	1	100	0	4.98863
19	0.00488134	0.6;	-0.4;	1	1.00028	1.00962	5	0.2	0.5	0.000521495	1.00298	0.00611567	0.00260748	1	100	0	4.98863
20	0.00557533	0.6;	-0.4;	1	1.01146	1.00143	5	0.2	0.5	-5.57549e-05	1.00293	-0.00144313	-0.000278774	1	100	0	4.98863
21	0.00973812	0.6;	-0.4;	1	1.01518	0.992754	5	0.2	0.5	-0.00229183	1.00064	-0.00559018	-0.0114591	1	100	0	4.98863
22	-0.00871949	0.6;	-0.4;	1	0.993004	0.992704	5	0.2	0.5	-0.0030358	0.9976	-0.00185992	-0.015179	1	100	0	4.98863
23	0.00668174	0.6;	-0.4;	1	0.999506	1.01149	5	0.2	0.5	0.00139913	0.998999	0.0110873	0.00699566	1	100	0	4.98863
24	0.000760315	0.6;	-0.4;	1	1.00745	0.995946	5	0.2	0.5	9.87998e-05	0.999098	-0.00325083	0.000493999	1	100	0	4.98863
25	-0.00911628	0.6;	-0.4;	1	0.991433	0.992142	5	0.2	0.5	-0.00149081	0.997607	-0.00397401	-0.00745403	1	100	0	4.98863
26	0.0081612	0.6;	-0.4;	1	1.00002	1.00904	5	0.2	0.5	0.00171343	0.99932	0.0080106	0.00856717	1	100	0	4.98863
27	0.00178154	0.6;	-0.4;	1	1.00722	0.995019	5	0.2	0.5	-3.93575e-06	0.999317	-0.00429342	-1.96788e-05	1	100	0	4.98863
28	-0.00850682	0.6;	-0.4;	1	0.991391	0.992832	5	0.2	0.5	-0.00144322	0.997873	-0.00359822	-0.00721612	1	100	0	4.98863
29	0.00813068	0.6;	-0.4;	1	1.00039	1.00923	5	0.2	0.5	0.00172177	0.999595	0.00791249	0.00860885	1	100	0	4.98863
30	-0.00133457	0.6;	-0.4;	1	1.00436	0.994943	5	0.2	0.5	-7.7255e-05	0.999518	-0.00449756	-0.000386275	1	100	0	4.98863
31	-0.00821872	0.6;	-0.4;	1	0.99049	0.995789	5	0.2	0.5	-0.000871512	0.998646	-0.00198564	-0.00435756	1	100	0	4.98863
32	-0.00145079	0.6;	-0.4;	1	0.992219	1.00938	5	0.2	0.5	0.00190197	1.00055	0.00693372	0.00950987	1	100	0	4.98863
33	0.00785271	0.6;	-0.4;	1	1.01037	1.0028	5	0.2	0.5	0.00155624	1.0021	-0.000864324	0.00778122	1	100	0	4.98863
34	0.00554191	0.6;	-0.4;	1	1.01137	0.98888	5	0.2	0.5	-0.00207412	1.00003	-0.00907592	-0.0103706	1	100	0	4.98863
35	-0.00105455	0.6;	-0.4;	1	0.996821	0.994985	5	0.2	0.5	-0.00227361	0.997757	-0.000498714	-0.011368	1	100	0	4.98863
36	0.000896051	0.6;	-0.4;	1	0.996615	1.0063	5	0.2	0.5	0.00063582	0.998393	0.00727357	0.0031791	1	100	0	4.98863
37	-0.00504459	0.6;	-0.4;	1	0.997383	0.999849	5	0.2	0.5	0.000676978	0.99907	0.000102894	0.00338489	1	100	0	4.98863
38	-0.00116782	0.6;	-0.4;	1	0.997695	0.999733	5	0.2	0.5	0.000523465	0.999593	-0.000383782	0.00261733	1	100	0	4.98863
39	-0.00419242	0.6;	-0.4;	1	0.994725	1.00036	5	0.2	0.5	0.000461011	1.00005	-0.000156135	0.00230506	1	100	0	4.98863
40	0.00767714	0.6;	-0.4;	1	1.00578	1.00365	5	0.2	0.5	0.00105496	1.00111	0.00148486	0.00527478	1	100	0	4.98863
41	-0.00443899	0.6;	-0.4;	1	1.00006	0.993267	5	0.2	0.5	-0.00115652	0.999953	-0.00552869	-0.00578261	1	100	0	4.98863
42	-0.00882425	0.6;	-0.4;	1	0.987161	1.00279	5	0.2	0.5	-1.26759e-05	0.99994	0.00285962	-6.33793e-05	1	100	0	4.98863
43	0.0043231	0.6;	-0.4;	1	1.00086	1.01153	5	0.2	0.5	0.0025677	1.00251	0.00645094	0.0128385	1	100	0	4.98863
44	0.00905309	0.6;	-0.4;	1	1.01631	0.995315	5	0.2	0.5	-0.000171954	1.00234	-0.00684914	-0.00085977	1	100	0	4.98863
45	-0.00317603	0.6;	-0.4;	1	1.00054	0.988084	5	0.2	0.5	-0.00326254	0.999073	-0.00772647	-0.0163127	1	100	0	4.98863
46	-0.0080142	0.6;	-0.4;	1	0.985051	1.00675	5	0.2	0.5	-0.000107553	0.998966	0.00788748	-0.000537766	1	100	0	4.98863
47	0.00354424	0.6;	-0.4;	1	1.00161	1.01269	5	0.2	0.5	0.00298973	1.00196	0.00774321	0.0149487	1	100	0	4.98863
48	0.00681863	0.6;	-0.4;	1	1.01508	0.99303	5	0.2	0.5	-0.000322407	1.00163	-0.00828035	-0.00161203	1	100	0	4.98863
49	0.00261245	0.6;	-0.4;	1	1.00446	0.98887	5	0.2	0.5	-0.00301527	0.998618	-0.00673216	-0.0150764	1	100	0	4.98863
50	-0.00661471	0.6;	-0.4;	1	0.988492	1.00214	5	0.2	0.5	-0.000892207	0.997725	0.00530766	-0.00446103	1	100	0	4.98863
